-25.526345476589803 -9.89811917643201 7.837318344356981
-2.723538468801414 6.330244584609524 19.30302517101572
-12.896890003082504 -6.032493586573352 1.1850504604531824
-11.438499320696577 -5.915266612563895 17.49697693064616
-22.259091107383124 -6.887009215480012 15.383793753796855
-16.467667118097086 -5.930265870741745 15.741981727489211
-21.3033531395997 -10.512638157389068 3.9474664231471737
-16.625377041569465 -3.5183363680483826 12.595677150011648
-18.919904601421013 -7.739477866183326 16.107981985149564
-24.91128615911558 -9.730875275973336 10.607495649090266
-22.84480937675654 -14.52156617759198 9.872308792409369
-5.830449956077383 7.527824851859396 16.054646390802034
-3.1688603910056954 2.0228022850772653 21.671087763752794
-14.292639762193138 -5.178222223028025 17.356669301741114
-17.23886141343099 0.755103501622467 20.03713366761011
-24.737069655918873 -10.232370125668698 6.479675943271237
-22.791275043514162 -11.291682589543703 6.145498134415208
-23.79021755215712 -11.201537021570825 11.370267549630343
-25.14382658752322 -9.966974793757835 9.118567071617868
-24.382254662843945 -10.656946018248673 8.634523876891079
-23.27231162295353 -10.443855556347298 5.2084927577794415
-21.963322346249832 -10.611435303178434 4.878670471887666
-23.653870182020313 -11.12226951683932 7.499384607927575
-24.35825666757974 -10.38552782505358 7.3473513469470655
-23.322726108717998 -10.591230473822062 6.226513180093446
-23.070644839963343 -13.332264400286437 7.4059078900277875
-23.904856411523213 -12.455414588274001 11.174094964217286
-24.04959432968021 -11.114361780436708 9.923229235496386
-23.75964375614006 -11.73327096735441 8.798567404866688
-23.816898443392308 -13.002479688337829 8.467708089687815
-22.916084896581925 -14.169065595361943 8.446849606487238
-23.63748529195501 -13.796070792071012 10.839184715315543
-23.928468592259094 -12.491896271438765 9.809712305785046
-23.728910737798643 -13.70867188242853 9.466488503241369
-18.6063501787262 -9.109496091025754 1.6486147470338097
-16.570521048661387 -1.0204340401346546 7.883639971677024
-17.246151796336672 -8.04570289356897 10.659647922221342
-22.345727418459703 -8.065760700107218 2.1565673967228274
-19.760357045375375 -10.024493812194518 2.589536998204129
-20.097286443746487 -8.036928606828367 1.2688072548571574
-22.280475621732997 -10.778423670150648 3.62437404001236
-20.77994623921766 -10.00383724491371 3.275088235984013
-20.626044484703137 -9.206956333537729 2.0228486518507887
-21.270256486567586 -7.795301487914322 1.2275742687229816
-22.388489351740933 -9.539105457915749 2.6564472348527253
-21.4518926821091 -10.291222480056183 2.460471349414084
-21.58666700672432 -9.16985307207429 1.6390754710277147
-16.109783476435606 -7.218132302447086 0.7563983885753996
-13.92650667811987 -1.423417104624379 2.2064402092098834
-21.511918691223844 -1.4077824595737614 4.16098858029695
-18.288388330623302 -5.93125046992557 0.3344106513503471
-17.456095361737006 -8.118544532129135 1.087230722418025
-16.896184795880547 -6.426929197698765 0.0855778140408086
-19.40144302517709 -6.872007415256033 0.7401809824530389
-18.996517231190488 -8.348953684718408 0.7016189078059978
-18.12772071260083 -7.287279669926382 0.3165191210774718
-14.570832503056161 -6.512039631941972 0.7743281517503874
-12.902066719377054 -4.6750526840383175 0.06916324840273036
-16.636028828037606 -4.420381976940874 -0.13145379491690806
-15.42411912806121 -5.812800641022028 0.06065696238423471
-14.184914090707348 -5.2271765551193745 -0.25504148631097034
-13.052244384501416 -2.282921668301001 0.1852590565150429
-15.287807131941188 -2.622335089778886 0.39025421551083167
-15.498919057989744 -4.850235622220562 -0.5719681019767128
-14.456193269406276 -4.129052674281607 -0.7344193614861056
-13.720069996501714 -3.053167251722732 -0.5970100232775148
-13.576877138605564 -1.313256705415275 0.8187598967754512
-14.517175707551717 -2.0304743757563357 1.140850520492546
-14.535410801666576 -2.9546130612473647 -0.6855998218136056
-14.084649960629662 -1.9102441441394158 -0.22554763405302566
-15.777791730402843 -0.6365403341602056 5.469466793775864
-18.65118061746345 -0.7142563635493855 6.257609814243039
-20.007802146101536 -4.263264097670479 0.4071093234442808
-17.996741908301626 -0.6670542093037582 2.43561935619768
-17.87534142688285 -5.004532818456834 -0.1835938976154044
-17.188878461671948 -2.0754978951382874 0.4723160900618982
-19.50343544409163 -1.8615158687498372 0.8340853701405406
-18.998149395760684 -4.867966711943296 -0.009623795484880118
-18.456671382259465 -3.8866712964166097 -0.4047344443567523
-18.10798730325716 -2.7213946078435853 -0.21908685392556598
-17.752244703373602 -0.9295579493399676 1.150391674941669
-18.83319247599172 -0.9471450236123974 1.492398608733063
-19.0035990306939 -2.4926721747996967 -0.21802084554141016
-18.560381632958947 -1.394382343569588 0.2735565662312424
-14.985954877793302 -0.8912802583007278 4.426779015428743
-16.679366135034872 -0.20570801399654542 4.461302705140713
-16.02976265895674 -0.767952730221847 2.034795895322051
-16.04290818904213 -3.4755350060878314 -0.0640458039031193
-15.700016529648497 -1.679384970539342 1.074981041926757
-16.64525725397798 -1.0583150083589274 0.9017232814789448
-16.88476935295607 -3.2237031160847662 -0.16883571051123392
-16.26147909559918 -2.2701701186663605 0.19208977868718233
-14.504687168778165 -1.4495899271949642 3.3242305888405332
-15.269174017715418 -0.9673764682288866 3.202293612095877
-14.964471736254104 -1.7285112500103996 2.1706881165162897
-16.511124132377233 -0.03804665820288533 3.0817939309598015
-17.280006888212075 0.05491880359777198 3.219493849527982
-17.0258944449921 -0.13987651807527743 1.8327925976126072
-16.517691190286328 -0.8774558682735337 6.620383250903979
-17.511409349188874 -0.54038822266606 6.906838520776259
-18.45694045853633 -0.4532276076955897 4.956314639412667
-17.36594736703311 -0.3737422330510923 5.5969430655881665
-19.86935105319219 -0.4470685692462121 5.640005176991076
-21.1329975634268 -2.095362149121094 1.6226148217069756
-20.191706752999103 -0.3056531902606562 2.973358536690246
-20.03464088218672 -2.9173261736345286 0.40142401959912544
-20.04332462380411 -0.8477923012485791 1.6699357306595304
-20.936746350204388 -0.8438126038517584 2.030206435726302
-20.62911852433925 -3.0913321307672073 0.7391168204651203
-20.53311822626815 -1.711931730752892 0.8971067565597943
-18.53770378825306 -0.36447652131823916 3.6538446499825805
-19.292571976663456 -0.00244171792741138 3.853747197641214
-19.253307165878514 -0.304705309144748 2.497512759844966
-20.306958215872413 0.03612351475661026 4.351244220893004
-20.869040728097723 -0.4083348906439908 4.714361458586602
-21.640397898377156 -1.3332159498999359 2.752708989514993
-21.186059633427288 -0.1990470637095071 3.3214928403356114
-22.66150161081854 -5.59367430009636 1.9524504806903418
-20.715211048697345 -6.481939089087894 0.8288449672276794
-20.93004940194646 -5.249985856885318 0.45354704681321867
-22.855137020516263 -3.056738269507277 2.758512572079261
-21.808615936899237 -5.572019368419037 0.9032174623392096
-21.97169168502117 -4.296786963267674 0.718078063676641
-22.072728468019907 -2.9549886932641436 1.0550323583619403
-22.45677967402439 -1.9087963348836263 3.378950836635801
-22.688178336579682 -3.163706571841432 1.4159285220417517
-22.56792125590516 -1.942090555779558 2.0188374425565354
-17.26029406538343 -2.440229473152996 10.275015939568023
-17.63526637220159 -5.264575003945684 11.246460845091311
-22.033333874729244 -7.871057250781843 6.761756228410729
-19.2143590983967 -3.774568870872363 9.38973940273518
-20.723731281334516 -2.244190802801322 7.7042241545755745
-20.984668127084596 -5.066303040997487 8.595972016669158
-23.944208925490127 -8.161972259721933 3.3247894197810437
-23.686531739916834 -3.8425320915513788 6.15156628767242
-23.158062986072867 -6.882618645978548 2.0663198928237962
-24.113686127430707 -4.1373621884449 3.673747450632708
-24.83794745762668 -5.803679363927561 4.699687091906236
-23.546623967989564 -7.640394980878361 2.3740349917212797
-24.26806416270617 -6.418930321939453 2.550408371766906
-24.79035181932239 -5.174863849189032 3.1607673805108165
-24.277220236151173 -3.688112255392247 4.954771802898301
-24.737933162677077 -4.598957769777772 5.590781285200497
-25.08335850641668 -5.679110539514286 3.506219956193889
-25.229064687574972 -4.502507253938237 4.370792345892663
-21.228110656261403 -1.6451861406912258 6.5956357446615455
-21.99870804083265 -2.50635503698769 7.3717358036367555
-23.346755318121758 -2.093705886636992 5.146415757412078
-23.048511153722913 -4.291932606457423 2.2882459578792234
-23.47817265424486 -2.4137709116685504 3.82947096641043
-24.11547565044001 -2.846608849248369 4.309299234741281
-23.58480776691793 -4.757822395689417 2.5755447892796317
-23.889318535134485 -3.434168767766782 3.100137358892893
-21.797368392039704 -1.4482464082602906 5.410332680551219
-22.475452011255562 -1.41442303672805 5.8692820500462215
-22.9314997254322 -1.4962021335518816 4.621750107656866
-23.07337149417 -2.0560457927586278 6.485932999282617
-23.22743098813414 -2.707650623628635 6.776394173461246
-24.083924481132225 -2.5063208899856546 5.636082582891383
-20.44291841095461 -3.1514769074485387 8.751982794811429
-20.458232733983404 -3.95155459744304 8.993207435064807
-22.345061936484054 -4.440440877643059 8.10377738693256
-21.703513639570087 -3.362527037197129 8.406847995261773
-21.387058556222243 -6.038113289932325 7.971015213242021
-24.285061508924635 -7.8674058080792575 5.204045120716162
-24.191298305538396 -5.7685420688941775 6.905941144901626
-24.698569328543176 -7.061025940893262 3.9642302459871264
-25.140537467990306 -5.732981702870409 5.928502881557616
-24.63775630794122 -6.7321067044463785 6.005400724032444
-24.731771643474932 -7.859705412581377 4.178227827039574
-25.33056565923139 -6.8271313692558415 5.013450970984869
-23.547068316167387 -4.2034661462716 7.366771547804844
-23.76726349249225 -4.772546467304757 7.729596173578485
-24.832503495990192 -4.685459251214461 6.821472108528187
-22.905985601087938 -5.940584894436872 7.578570589379903
-22.23706160488237 -6.641457081531888 7.306585872304059
-23.35452699720121 -7.79768951152867 6.097183946669147
-23.621661183547698 -6.687941569334403 6.798096345973348
-17.15069006645587 -1.6038232664077214 9.0815537702052
-18.272194577402235 -2.880040368489218 9.631829581380327
-18.346971562763112 -1.9087709634561778 8.55096769328398
-18.975506236345137 -1.3108194328939213 7.469621717081287
-19.67086760362534 -1.5425047108666805 7.99326723548127
-20.214877208187634 -0.9521455927690601 6.879507251019857
-17.077333430145757 -3.310148276445098 11.409135823300392
-17.176317248764676 -4.133898339774622 11.741056219614439
-18.487889010945235 -4.832045552125228 10.209122584244307
-17.84402796174871 -3.8391071454874184 10.619989024449076
-17.651744184841373 -6.565901724468102 10.76170316122711
-18.435683798193356 -8.278365720190825 8.62342746606909
-18.65033026055213 -6.095712363781651 9.80423940865243
-20.003956260613453 -5.99988911227529 9.261360465704731
-18.857347606018262 -6.933995381335729 8.959756988296581
-19.75321143134372 -8.181048451262226 8.01311166720786
-20.2265512307007 -6.867931830827438 8.44009904339063
-16.779992412683853 -14.372391270326348 9.194621339157207
-22.041064115382383 -13.065787963746354 5.109389722672516
-23.105237137743803 -11.562143850872628 4.976161333323129
-22.56783905156601 -11.957696616801195 4.060082068815847
-22.599534445094125 -13.663880086988701 6.3012068167388335
-23.21014688087727 -12.563696474261674 6.2534616572394555
-23.117692358127528 -12.763331079546587 5.22208181814781
-21.628195602135918 -11.983783574919508 3.8156605096725085
-22.858215466101196 -10.57309379266888 3.1553973910764
-23.84898727380395 -9.659448519266379 3.1622571651069573
-21.938674576923457 -10.044508238519802 5.087795354113206
-22.786251640086398 -11.200753854470776 3.0694996430618495
-23.888205171058445 -10.174080254841396 3.656091960258391
-24.5155956203524 -9.183078753687415 4.559241492637905
-22.218694812060594 -8.994356765853768 5.973807578455622
-23.334010002560568 -9.820876863527506 4.410795902909748
-23.65040547655066 -8.918033309966184 5.36521701391119
-16.258509500261923 -10.62810166073595 9.86250134057783
-20.318948456528922 -14.644981293322317 5.849375288671914
-17.180851649194523 -11.6557056087587 6.4201574813399525
-21.49500909043954 -13.19174377547709 4.309696370993748
-19.014061123747904 -12.144202239440464 4.400701486105057
-17.983429016202056 -13.87380399221243 5.650978414039775
-21.036391709798608 -14.013776083386567 4.884011563119992
-20.226326987156767 -13.839900202935187 4.245530259339718
-19.112327604857292 -13.400028925107605 4.108394909272115
-17.765438549487367 -11.988035615747812 5.127700809018114
-17.181376590334278 -12.880377271465807 5.842939091200787
-18.808006949077093 -13.969200754254825 4.502409599290675
-17.76894923005374 -13.230611761968525 4.610805336075369
-17.746748991590493 -9.382253485276964 7.855196310494213
-19.285982082153378 -10.097318178255296 6.032378566215823
-21.42012759083489 -11.235485832118494 4.28657479168608
-20.595695308045997 -10.33923868789315 5.425951320714422
-18.95993913840777 -11.162456890977548 5.061649970224794
-20.344993875906134 -12.159088096950212 3.8166430953446278
-20.25126600866048 -11.361487577365702 4.52124038961436
-20.882500290588172 -8.473949084418413 7.374376995247994
-19.778577484493187 -9.085755084538828 7.006404352809839
-20.999928703311152 -9.393201208824298 6.397410395485784
-18.04756250725903 -9.917153926149156 6.683918258809741
-17.289116547313146 -10.382527891321304 6.821900305734159
-17.727129612309085 -10.863645237132905 5.645807536305427
-17.52397306169699 -8.511194023016406 9.633485378663961
-16.59470973699202 -9.183057846596322 9.97775859234756
-16.35195509946793 -10.94814359156144 8.654328732583991
-16.862335083760705 -9.59762185986597 8.847431183137601
-15.926202456498231 -12.022585613855046 9.693572778943519
-17.943953493827223 -15.1402355488672 7.009931218434432
-16.107921972693674 -13.360781658888277 7.500574753310039
-19.008002945053107 -14.57041175203942 5.696104745427641
-16.732017436361797 -13.872447068970912 6.362312826175076
-16.709799765751967 -14.502066379312334 7.052029039235498
-18.98375254551067 -15.046596007567743 6.153084592332488
-17.62002895023819 -14.761183240683666 6.086506869235044
-16.26907032459663 -11.589994908058882 7.427776549331953
-15.859759766472264 -12.091155213467857 7.879746644507477
-16.159176312848743 -12.78598482132928 6.71749563187249
-15.557751271135325 -12.966528147224954 8.659624013445526
-16.061398269759877 -13.282674349440962 9.262352544879679
-16.971330095622992 -15.017740871194562 8.019809966560887
-15.940033586892211 -14.115380731331571 8.12210393359601
-21.287453464765637 -15.95702935800347 8.868093516489408
-22.234539080471233 -14.60020807667401 7.295433952740118
-21.209091166537988 -15.256287491036613 6.7264455354066
-18.711578440586244 -16.181280547680863 8.938844853951995
-21.586321779380356 -15.703884197885829 7.608976640506179
-20.397585363611856 -16.10988288912425 7.119069967660756
-18.89262322767293 -16.166851487241402 7.113633237009762
-17.463848727141134 -15.56945304061312 9.045502182527882
-19.15990430283636 -16.484413112776227 7.6810471571396075
-17.787316519481188 -16.14089677479505 7.878881243822553
-16.34886084535434 -5.313600744699489 14.614381248126106
-17.640548053576325 -6.941188956880403 15.749020586842134
-19.206524515331452 -8.949849422559929 16.78375442869177
-17.191070893732352 -7.386968965559333 14.810653185734294
-16.834496700838294 -8.304670909328994 13.017162641229568
-17.585671215825563 -9.638807625003247 15.539173316114988
-20.539715406625856 -14.820527371996672 16.23431374406449
-17.13829075115005 -11.070880305132201 13.81377850490221
-16.5951282965928 -12.902280429752025 12.194207528781515
-17.946284322456336 -13.239641400279462 14.992361259634208
-22.870322893754885 -16.050862132695652 11.807478146140014
-18.482571212390845 -16.118557758724908 12.665745805200139
-22.199173593635088 -15.687346836651555 9.66579014646129
-19.782579452101984 -17.04298571092918 10.561364958113348
-20.770438518198638 -17.17819689603136 12.440835748436147
-22.831749671739196 -15.689586111642745 10.497592107650053
-22.06432627878616 -16.76193341319538 10.347987755537622
-20.95919386954176 -17.487522770986768 10.625123678964673
-18.910253322068275 -16.910354175536398 11.593983691478229
-19.428757110572594 -17.040860256568386 12.720761649899451
-21.31465215401916 -17.43499715320458 11.25444228104313
-19.99781941417541 -17.65091277116917 11.605255352325155
-16.141965937496288 -13.708659187753591 11.185519909202423
-16.94132017657549 -14.223136852850903 12.570146057737901
-17.21004673664982 -16.182646509628164 10.840128175442146
-20.06501922615226 -16.33266875639664 8.892426568794052
-17.7965592918334 -16.72672551583995 9.770739072920048
-18.374973810131557 -16.968568441253094 10.615561281066489
-20.467922514964805 -16.943996708700485 9.381567452840159
-19.091455235768905 -17.19659260066809 9.507892582162155
-16.13400955460077 -14.680454300392096 10.262970254058498
-16.251349245814726 -15.124676481265633 10.93449621384219
-16.62025825472097 -15.974821987194815 9.961740519635015
-16.838222239655572 -15.495568404465933 11.911515509416242
-17.458549794000934 -15.429381722436284 12.47439987282416
-17.705381193870885 -16.524556679513356 11.731456243989271
-16.6450836236486 -12.332320590906642 13.340833470362222
-17.279839575678327 -12.36908759977328 14.190254939818338
-17.706358665976687 -14.43691648556578 14.344988100834446
-16.91222609689863 -13.610638192811155 13.726952726679654
-18.76026667484967 -14.034550971316346 15.741856859713426
-21.732939960728196 -16.200470614371184 14.161650001681295
-19.406653810167764 -16.331681262061505 14.621214212421899
-22.09389684037728 -17.00815749989458 12.18698129676505
-20.079273026074727 -17.099499634390597 13.700596712110798
-20.647751233115642 -16.727124138138404 14.445748828389576
-22.245537576219807 -16.382887019249207 12.88138170404089
-21.372051973463254 -17.2531912644632 13.357707767682808
-17.978739565588796 -15.630226772840025 13.844516001576553
-18.19392205052714 -15.69917327614029 14.56837466761821
-18.701649498307905 -16.795772274680427 13.81332167901503
-18.974896110315672 -15.381279378120055 15.490538106955974
-19.460422153526963 -15.02679242864224 16.00361541605957
-21.045410129994004 -15.792903601637049 15.368958235162983
-19.977282482944457 -16.160761859805792 15.490973012263632
-17.014402308756683 -8.659172320933447 11.83105033903438
-16.77725565472275 -9.776391506221417 13.177624289696778
-16.708877024826744 -10.144833548750997 11.974931531785389
-16.144188755399682 -11.004636692375998 11.083630116760299
-16.290735597080534 -11.566973399300217 11.828562033622172
-15.823023215680063 -12.398943020311027 10.919676525800176
-16.929263605132153 -8.403156350926848 14.167568904703947
-17.018392070329426 -8.607518668483396 14.98203943533902
-17.42905185716416 -10.774583835614088 14.998887919607998
-16.872948249943782 -9.684958028088918 14.37328930369776
-18.459684157328613 -9.925997034038197 16.359608110211184
-19.709609193483903 -11.372307440490117 17.41144797820545
-18.20433980948011 -11.217002051210855 15.974518759012295
-18.069195806223018 -12.6059295883994 16.093147311408856
-18.846704368591475 -11.991168914306574 16.837679529113018
-19.725305284293665 -12.758872264586312 17.360155209341002
-18.803845541091214 -13.349011381549024 16.837740747525423
-16.45568327507466 -4.486144227719542 13.62719009097971
-16.87469589484572 -6.2367787037967695 14.30645575231185
-16.854905395440642 -5.641038509898891 13.286264618698826
-17.279690327030565 -5.98247099221187 12.26380949709071
-16.793335407641802 -6.900882047242045 12.847274527918794
-17.214889857058562 -7.226886526943084 11.797166836914398
-20.203461045130897 -7.701584178483046 15.782801140048177
-24.186207215608388 -7.9850678668119315 13.172959007004254
-22.92602189723941 -8.572705307143567 14.786496735421723
-24.16037746952003 -10.288304781083683 11.563556520173275
-23.739294876316908 -10.323888668054117 12.652576723774603
-23.275509391812147 -8.555277488299913 13.880980569784048
-24.721403595383066 -8.852556733636716 11.912117148855069
-23.853528615245384 -9.418054277444996 12.729673049109046
-26.690621522642296 -8.461890339844551 18.41754800087041
-25.42252271101166 -12.930991428336633 13.343958060193103
-24.97238070154199 -14.912203834547768 14.429744033072552
-24.733581376405024 -13.171663885416498 12.119778672105323
-24.31020430639517 -14.4370111146142 11.972419119945759
-23.97401189863583 -15.68976361245221 12.379217476940225
-22.925581411454758 -15.54911394473659 16.144918079818655
-24.694153909757468 -15.178743935674008 13.133672869546972
-23.98916315981213 -16.033422546019988 13.708627171939517
-22.878512680914728 -16.650340902458833 14.458437536426837
-21.682880697703535 -15.486662018357062 16.59977145670439
-23.34149720922731 -16.144075135138692 14.991920755976365
-22.18211898260675 -16.36626255726651 15.70755921686109
-21.306520705490946 -8.917116763664827 18.636134350453435
-26.744407302978694 -11.89715642602241 15.516644810330586
-23.369248431332295 -12.368504351843528 18.60228297568887
-25.6564425062181 -13.851771251375025 14.221688352221799
-24.39594619618948 -14.201396601864834 16.976843822176377
-25.961877441550673 -12.415152255924637 17.850921841539407
-26.142642632089025 -12.456294488855972 14.46583861288983
-26.13273775913056 -13.4249815280976 15.444276895593346
-25.663612336822016 -13.917238457835689 16.645321654649226
-24.03747680155578 -13.359074212171683 18.03479700417941
-24.75452300534683 -12.41893009222579 18.60174788394231
-26.202018675578067 -13.282184997483707 16.843136947888777
-25.250729314030526 -13.412224551238902 17.84943172485695
-20.87037860746782 -11.570447241031797 18.184769403707133
-21.892267656497015 -13.875145935750393 17.969843518655402
-24.148766851601366 -15.385912892687033 15.511179946636572
-22.46875694128646 -14.971362302841875 17.355507398776115
-23.205157771894054 -14.203707975423406 17.70497717192319
-24.706864280327398 -14.929159503410672 15.839899987919289
-23.718158242963543 -15.069584678602824 16.80951147648488
-20.230072899579188 -13.916179518471381 17.226043538325893
-20.60524239473927 -13.569054643951988 17.96013446508068
-21.176712154890094 -14.717203607998647 17.671546650800995
-21.449281758512655 -12.730158565949301 18.445064905800198
-22.03017461522409 -12.151990627705446 18.60696457266087
-22.741996358676637 -13.231661675881549 18.46839987065423
-19.70442379086823 -9.972299193028935 17.450192156492584
-20.25840231602321 -9.152956160266044 17.732438785302847
-22.144673710369386 -10.350392219963803 18.92326148456916
-20.868344969522532 -10.203440633801138 18.266141828915654
-24.190286081009518 -8.6376872398162 19.482007446886573
-27.238741437906686 -10.372513504250492 17.474917737285608
-25.018141884446138 -10.459940134022402 19.119107454500924
-26.84033695143716 -12.324396506737784 16.823336512137157
-25.70531680256393 -11.497102031249463 18.692746847917164
-26.32927946700969 -10.424960332867904 18.521672705353815
-27.485611561073043 -11.401060918560862 16.55582900663813
-26.85172176000672 -11.448383598863428 17.831579508041436
-23.02346308049472 -11.256877140169786 19.148065387831007
-23.573363339990472 -10.391189831400979 19.316061293991492
-24.391653393878745 -11.376837591013365 19.276140107672376
-22.113945786327776 -9.538366653541765 19.386457258037247
-22.72137729447641 -8.733432820880985 19.29657992030648
-24.9557522866408 -9.589683320715361 19.775886179474103
-23.500569007852516 -9.542137657236115 19.84688178430398
-25.60342050185556 -8.550399597584837 19.236668939272846
-27.3801528812149 -9.489184391220668 18.300557505328914
-26.31830889523943 -9.56000574422758 19.299700089426455
-24.876249399341297 -10.856298579318496 13.103931888372337
-24.221391891057838 -8.125966446260062 15.55137744809284
-23.58301364111749 -9.548654095296289 13.934916739598261
-24.944191942892267 -9.50766931932737 14.509889426434402
-25.587219373566498 -11.859521128534427 13.469106395063498
-26.06758325367126 -10.157859907481752 14.894202850155754
-25.510594869880283 -10.37221223228498 13.953567206192933
-26.224942325593453 -11.33642472417984 14.36435233222031
-25.36512683754367 -7.654792098114266 16.337536347639805
-25.259814997128416 -8.653690012446194 15.281324252079939
-26.53064293082087 -8.741021821553389 15.83342025893225
-26.943995422864223 -10.783054192486997 15.408391595046796
-27.36683415332999 -9.30410783629419 16.763904309283035
-27.262009104851103 -9.628992139450446 15.346904119554225
-27.864304334115154 -10.362305649500623 16.20940561832392
-26.34191450678991 -7.791872457769581 17.350235727154647
-26.647914704224863 -7.921485779967228 16.521285788426894
-27.440054728662506 -8.411058916551594 17.494486770035905
-21.542330603025842 -8.092436139463237 15.31295682487936
-21.1560248315213 -7.4290889372589906 15.597395918403238
-23.302095076909602 -7.273306463046932 14.315609107164788
-22.271274439312762 -7.883044349243517 14.764886579834553
-5.734050732734476 5.776326661918619 10.376470517710779
-9.907322980094136 8.654768084590382 18.327419807691157
-16.123897307536424 -1.738148853638478 14.368340832171505
-15.380674416336204 3.436231640877322 10.599142617641249
-5.989342035243918 0.3057996093913594 6.2896991910100954
-8.809186436346959 7.667424164231812 8.869402105106177
-14.940985180157615 0.021868212284757167 9.532316964039133
-11.681629322486103 0.6119550426850018 6.909993208844532
-9.895095768572098 -4.644072109799232 2.6581904030439913
-8.209199304088548 0.7414915695550792 5.411863918953816
-12.643678546042679 -0.35503153598975584 5.229402368137217
-10.169662036361636 -1.7746837231977404 2.7428173037031653
-11.288050756690508 -5.382205093530818 1.8061687107781446
-8.8661642706367 -3.3181540604391975 2.0884498227800443
-11.133551112173818 -2.9404752021361813 0.7093084174872631
-12.09017603384978 -5.506014347631921 0.5636459733473751
-10.782436395759465 -4.835338785231155 1.0070185601216752
-9.709637382105612 -4.174251353696348 1.2522890986661463
-9.23135413169929 -2.3131638574662308 2.1510968668135177
-10.478038309678485 -2.2597373866308055 1.5344949700788055
-10.380931951133666 -3.8784768387237945 0.6328396022751378
-9.631338272733883 -3.075847441311103 1.1395603195861805
-7.600190405934756 -2.5107064461188515 4.491263079151511
-6.196154141080384 0.4837244508124258 4.930388482227652
-9.535815326732711 -0.3497618059981247 4.271302944433291
-7.5588900003847 -1.388157834601647 3.5706835598952336
-8.562020646899583 -3.687961163771156 3.4846342716736145
-7.1110775562464745 -2.2609034828818917 3.8884471582252647
-7.903579195704524 -2.324844227573314 2.548259358956519
-8.882651716104847 -4.25390039172665 2.4714132557472706
-7.76073451019719 -3.3050698788941255 2.9924763599324002
-6.566808351497029 -1.1329718716584711 5.244734548695789
-5.725086910714097 -0.2193070621716897 5.457786047997243
-6.545166545105498 -0.41018022688307804 3.81322132440588
-6.136582270409123 -1.2186703146958544 4.382807386959742
-7.144667341397267 0.6153037367275701 4.812466181544775
-8.497700618043439 0.4541371106120481 4.082120151948537
-8.430220065027646 -0.7784500373100697 3.704314750068079
-7.4132751162008415 0.10632839377890768 3.603502686398119
-9.408619282749324 -0.8517564319700397 3.0455730636519673
-8.422634887280795 -1.4204093140794425 2.5258075238670576
-10.51386733338482 0.44336325785614916 6.182799956417311
-11.74635722202926 0.012591097003689208 5.803054128056555
-11.542703924031908 -0.5605391452138038 4.405013815078169
-10.6382617091904 -0.11496600935446648 5.012499838119279
-13.206740942266167 -0.11888074460939677 3.9717705838493456
-11.935660248472455 -0.6932814103225565 1.7244442541475011
-12.0013722102811 -3.7346413979577813 0.0022535727265680424
-11.45347688303936 -1.7380688649038263 1.0155589654492367
-12.33613619679004 -1.213554300956795 0.6046878091375173
-12.747326873623155 -3.5097566697562126 -0.04046811763581392
-11.947289135793884 -2.505718317538957 0.1401273560767915
-10.97642796050144 -1.280992813038832 3.4997649433337883
-11.518524174840763 -0.5725621208510636 2.9826118188267734
-11.028310965374056 -1.3842517147166713 2.109647451517089
-12.748912999690528 0.04266421227173235 2.5620594820501137
-13.474815174929514 -0.26366129740748084 2.6580556221553926
-13.013170878310396 -0.2338682526771917 1.2881548870356536
-5.529000555687216 3.416453354461735 8.033031581111093
-6.647986382083212 6.841505275097615 9.014327090893063
-10.62002763640559 4.29143490393121 6.45708506773546
-6.496310784168306 4.88422344393539 6.927917558806574
-5.613484837870274 1.9100603609834055 7.102682833439269
-5.633675540572582 4.035071114332844 7.1247839364778605
-7.006094609647296 3.0357366433221267 5.572251721831938
-5.565625587411072 2.690479318471226 6.344987373718656
-5.573957672161103 1.7086368318372565 5.502530221611705
-5.950627451004292 2.6628927424608024 5.358993319392846
-7.444186419269402 1.861242168846835 5.418057524104009
-6.353953879883505 1.7061162842446411 4.918185571975394
-5.546372404416108 4.650154081376214 9.129072110524614
-5.680211659298541 6.066557255892727 9.234919781445718
-6.563302670596019 6.004036120187358 7.817446450448244
-5.613485678857262 5.180377194162879 8.085600112889509
-7.581103147809162 7.4610264257879955 8.434997051804448
-9.680365514742974 6.551218950891429 6.984015140632967
-8.394745945558746 5.031090771632013 5.771005165070436
-7.500914322506258 6.689968133340664 7.282656446138192
-8.01669573135132 6.245828245523144 6.232882237914532
-8.49405987460809 6.832127539425852 6.457625112907026
-10.188293103959154 5.542356897763927 6.439878296282139
-9.676817639415427 4.8772390643973695 5.620288993101317
-9.173773956869054 6.090256073598763 5.73743964895956
-11.414345757860154 1.9053229239504401 6.691242963924134
-9.308526095976418 2.713588182704685 5.48532377825688
-8.099330069485267 2.923190759792962 5.407702192832717
-9.724963835636956 1.4365391532184786 5.857215021774809
-9.25401516394604 0.6012463890385079 6.117243617762292
-8.507159141746047 1.688193952868294 5.777618138779049
-6.606679408949036 4.277227661233434 5.975698541750434
-7.202163345283752 4.984221060878114 6.016061224415505
-8.786686629873884 3.9837390536919375 5.211713339150006
-7.572959988334595 4.158458056796736 5.334917710295539
-10.895390971462254 3.0888983541122963 6.236938917411784
-10.511461700789427 2.5633931098012184 5.886772179642583
-10.026834896516622 3.7532336311550316 5.332139904381237
-13.189475796159224 6.030370769998307 8.866012545628774
-15.150091515871289 1.319203989978087 9.87906532002742
-13.956588615724874 0.264127977365433 8.446714210388425
-13.688291709843567 2.7672123673899183 8.242485812212946
-12.617815966778341 3.157633842885753 7.539140886804867
-13.519586980170368 1.4158443439050283 8.195285929489186
-12.735929741748043 0.5554822173851399 7.863219372500877
-12.444125406349166 1.821973854258405 7.531875105889559
-11.133030167003533 7.438962300903235 8.307351445137037
-13.960940811408499 4.112870942786708 7.999618548935217
-12.195069903812666 5.77510369019381 6.879037944271973
-10.960784517454346 6.409591285044789 6.738012999152884
-12.380548909741462 4.4741032804425505 6.954137621524508
-11.713280206603223 3.9813324385736455 7.001288492016218
-11.409355393145853 5.266054642456028 6.548452232011811
-9.328329795640546 7.5808926436152095 7.6875176505425
-9.886939042526992 7.7136561860256725 8.359151008755294
-11.815624213334205 7.049659507602551 7.125491730957614
-10.551182050763131 7.542191548523996 7.1776788809166225
-12.38260276856879 6.97021576553379 8.253440034986259
-13.804437584140166 5.451874715074876 7.797270902472069
-13.439139466763136 5.225834587203257 7.187392428598078
-13.120781981820558 6.533673575497015 7.2021444434978354
-14.772585167332569 4.349817748824722 9.898836437541872
-15.372636698160118 2.605179426251715 9.658223587636977
-14.56088936361833 2.2796815273995774 9.244607455193345
-14.803318854939237 3.566425890491451 8.952286774227323
-15.530707241645972 -0.41115621810227365 8.437110257051394
-14.533737752657188 -0.20172933251297928 7.352803527396476
-13.688392427534904 -0.3877497756932052 6.2254798556407
-14.88889398220985 -0.08061362212752965 6.109574238273851
-14.137512507207408 -0.19388041028350628 4.980269620540256
-6.166753983576417 7.287879104870571 13.124004075811133
-7.80608375529993 8.453856082250706 16.55456711770711
-12.913643573102458 9.601558996769544 14.506381928661204
-8.256461629994108 8.624752437925768 13.704021801541518
-6.024498711816022 6.7472604932790015 11.665983797983527
-7.1040117237192035 8.197554139897775 13.005705385642507
-8.72305442381575 8.729276323689914 11.259965426069881
-6.892283667183398 7.7448521535783135 11.55680044483994
-6.744822684783815 7.667936138645533 10.241096825221527
-7.5478397263539225 8.51343644226968 10.758366792108541
-8.83818879102843 8.437570496715775 9.9982235795077
-7.59080412930979 8.286182327599311 9.544551211332953
-6.080852254041758 7.535464327010983 14.625672010632854
-6.731013315929775 8.431444739790251 15.77709085688016
-8.174746947275619 8.664937019524126 15.168804737048715
-7.022591279374726 8.423273030381 14.43789736215016
-8.997634515568 8.88844458404853 17.258108848207225
-11.565533063767742 9.524787292959843 16.66956996858335
-10.50954702352948 9.721505441148185 13.74845654921076
-9.365877638116618 9.183640758210448 15.860158509066672
-10.111395390904196 9.842017975893038 15.044702892175074
-10.493262118510497 9.875052317946912 15.909311926620868
-12.433555870829418 9.84185940974911 15.729913079123941
-11.852533269936275 10.100854471543624 13.861151692383052
-11.390246124923465 10.31579442641073 15.07210768619956
-15.638752693102072 7.003414471244139 11.465626151157185
-11.247274689432551 9.380422840443655 11.363436659380627
-9.931962754946166 9.323176796529047 11.021424236025934
-12.442819284698245 8.250491230786787 9.714287927047366
-10.03413857888294 8.886962615379431 9.844115199322559
-10.816986709371257 8.528815976329696 8.916206592510331
-11.28242965762101 8.866117088310606 9.337968396441656
-12.981195282359144 7.3106050765625445 9.091737691354965
-12.104852427721513 8.204699379086918 8.58434194649136
-8.649612800992804 9.068153752885168 12.589365601428433
-9.232776937535968 9.430238763506287 13.353180999528046
-11.055606578703806 9.855071665773965 12.563586090767705
-9.809157105922587 9.740141060915855 12.256923162382357
-14.648798096401201 8.98169398175533 12.76506729549512
-13.89078139931609 8.983654027673737 10.997289728003368
-12.428699520537739 10.146071479863279 12.668558255431256
-13.49480543834115 9.9460274613016 11.79173494140229
-13.819430143937955 9.998683440910794 12.346375438569023
-15.465914203721558 8.201724588260621 12.008475667821434
-15.165883166973742 8.270087266301607 10.937987981344929
-14.838398140317524 9.404469977835854 11.535952787483428
-15.927484785022195 4.672755048366007 10.708718187035938
-14.90149993193328 6.994336872017263 9.815942381574379
-13.764675610329725 7.8672972894596995 9.643683150504003
-14.931573319965734 5.721482030496981 9.630510612014971
-14.040827238465438 5.3427319721568125 9.575383103103214
-14.100739641133378 6.707664586351462 9.371715323239608
-12.098173263069114 9.181893716255935 10.471778445457328
-12.584787829603387 9.478460322249152 10.999470451462786
-14.648833279201593 8.276567188651171 10.112282423378174
-13.413102879162507 9.004188235060147 10.100691535733546
-15.980307036712928 6.027037550410118 10.726224055676889
-15.875337370668436 6.003283314398439 10.051158649483805
-15.79649621194943 7.358982805140384 10.176296755537674
-13.971420035950716 7.841094099414719 20.96360670008302
-16.86315904612008 -0.1887479400693418 16.42544788302268
-16.30798160831287 0.6126329425444508 13.213830284642487
-17.798761432495898 3.369569112354998 15.528744086217337
-16.990386931998167 6.807774056886228 14.711794261509196
-16.979138146382905 1.5827609434112229 14.008908000820728
-16.009453752467387 1.4903810384713063 12.090872068226007
-17.10619527864252 3.788708982376548 12.80879392460013
-16.882275976399853 4.9373515100836505 12.24436602719028
-16.58056184151477 2.7154680564714955 12.16930794588904
-15.849250873011322 2.6491956221505246 11.634269227846163
-16.44457867474386 3.880561657833181 11.642846544662614
-15.449546887039913 8.96932915342636 14.495411421989886
-17.675467557611498 4.902397927005941 13.305594763124283
-16.959529159900434 7.490804330024315 12.937736171115246
-16.05119321112741 8.587604017550936 12.808064377913203
-17.20398152816644 6.326729776740345 12.344818950610273
-16.591712366207094 6.221242248556016 11.963663039858448
-16.671885761598478 7.5982000356052435 12.158780165357108
-13.971844074800101 9.554373394874567 13.704062264305788
-14.26553020251739 9.632086358038833 14.391430370745349
-16.554417882529574 8.607238589563805 13.59850846451963
-15.462615013400137 9.469827325260615 13.578872947277043
-16.60611877357838 8.126196619896184 14.472750212245547
-17.67546026300919 6.141743079162006 13.735784339897274
-17.836952320916915 6.344342680261633 13.056744009827899
-17.59795375175191 7.562104438318322 13.601605111914342
-18.006742171628392 4.625688013358962 15.180636820667544
-17.69492098689038 2.683657033436486 14.432256233557025
-17.348638638922967 2.826346929413692 13.723127258579725
-18.01972315095769 3.932489987101025 14.141017787228641
-12.106250096506056 8.767039505057257 19.56783146421467
-17.7050144842543 6.082290106535689 18.097598758712632
-13.889351528201463 9.217623668670377 17.765213276554547
-12.870878149445566 9.727958496900836 17.132240691303032
-15.938046669252266 8.592862871328157 16.27763446567307
-13.725791244444864 9.904684419488731 16.150171186169093
-14.963213456871976 9.769099710688607 15.48197865545644
-15.115151636935241 9.66412494152418 16.006139042359457
-16.816100221380836 7.915486259202803 15.49462521646243
-16.247050439294362 9.174728114095279 15.283895426129453
-10.91807005064228 9.36292740588055 17.883992108713826
-11.064613976342503 9.136013234682375 18.741521443149242
-13.199826289492822 9.270197823997929 18.90628217782381
-12.16483901905846 9.7203042445361 18.258611329368545
-13.28893872812707 8.743419870821775 20.285889494804373
-16.330510654172613 7.558925988305641 19.831548606683448
-16.398906140706135 8.383929244566609 18.105851218882197
-14.391414766216226 9.149289677968596 19.592496765628546
-15.752500850460661 9.046783761120784 19.117076021418807
-15.794412928384974 8.817248645558767 19.698055066033508
-17.36782431037213 7.001361786308527 19.087266695068386
-17.506536951605767 7.492967750012521 18.105813403754762
-17.028964623395545 8.363739617076964 19.068152394797853
-18.272606858017937 4.281212041091774 16.39513973418878
-18.054834559726853 6.941684141143744 16.485494120401327
-17.30167116287689 8.141603458645905 16.48157664736702
-18.43919653586105 5.918565523375595 15.672685073239329
-17.8331783340872 5.926708458301168 15.18978998530184
-17.996704890214907 7.22427486915432 15.728066627845184
-15.102299508539415 9.101357009232562 17.158792136673252
-15.28491292484556 9.197758438850297 17.921803611056855
-17.529074694147088 7.947192397362064 17.307740019311833
-16.5521652318919 8.937122489814712 17.27022904872731
-18.251670686695178 5.406762976488388 17.08856204274396
-18.689066999794214 5.6820899052783345 16.498004704618616
-18.416918698204913 6.844536263877126 17.247288929387192
-17.241790673737636 4.309031070479632 21.13974038626583
-17.181904311644242 0.17141143783552035 17.723217858039277
-17.212872944662926 1.0944238839869556 16.169178469293932
-18.133458986718523 2.547938829800316 18.136539818629068
-18.57453547952816 3.828993911839376 18.191688671557962
-17.936582431480417 1.997619861999308 16.960988090610307
-17.84010160524693 2.2861812602595837 16.27115909553797
-18.475598783891236 3.222167172677855 17.030694995855978
-16.237055370297732 6.685352431517025 21.612260662345964
-18.408624703722456 3.1692518936941356 19.297975392731768
-18.300344849213957 5.760070879657377 20.08845804864196
-17.63398791598525 7.006540657562602 20.218667170411624
-18.865452924959524 4.937178959523886 19.117174170285164
-18.564887739886416 5.162211355747687 18.508958940025288
-18.503920039795805 6.274019922393149 19.407954053242406
-15.286929353742272 7.89826946077172 20.652481851648542
-15.255629089435853 7.642906334515054 21.39081591825292
-17.59016929757006 6.500941675387788 21.086193304106665
-16.681845628820835 7.576314195736785 21.077684961905828
-17.171017342274787 5.653061558084027 21.554874307294796
-18.239764641543925 4.06807279129374 20.26339366590831
-18.79302110784351 4.442374919118672 19.891223623695236
-18.36150571879703 5.343379366277975 20.87669163857298
-17.776697975784522 1.8881895893215437 20.43379595849615
-17.607962819835507 0.7735974819186316 18.774728806885953
-17.91231109756463 1.2545271096560566 18.19299610805865
-18.26196768959921 1.8553188510922618 19.28314642518905
-16.70758994020988 -0.7167884515074524 15.170674317486856
-16.298771801224316 -0.42243556282964706 14.209295080610126
-16.95092043534602 0.5702013582632034 14.965459174690693
-16.089334313525264 -2.3769676630794128 13.10991690470986
-15.968916546962937 -1.412730012269543 11.949928697365849
-15.595772794773794 -0.5776121594229242 10.72957828419196
-16.47454448797463 -1.6215885995794095 10.826956779365988
-16.19558284198326 -0.9244423552451151 9.642586991934305
-16.158152571402823 -0.14130047655703118 12.161604824592379
-15.774722221244598 0.6998658639885571 11.050759038550064
-4.802835261615878 6.727560812244616 18.441027833802472
-4.0721221807513235 5.104931662745544 20.989889545841496
-7.451024336257916 1.9629674925721732 24.35582709023531
-6.29717460537723 5.817070373565983 20.646274648247132
-5.5613301755753195 7.237725836605593 17.489235815683312
-5.696067192487815 6.452401024300945 19.426484343996492
-8.280552353976786 7.365754902742786 20.241933378188303
-6.458893662123395 7.177067041931112 18.48312999859494
-7.249368284217175 8.05278082235164 17.812918830089217
-7.502052575362741 7.807609282729193 19.178584371722618
-9.237574954345032 8.11525381534648 19.526801304229704
-8.377086482297402 8.51922974797171 18.467477812033636
-3.7817912587730342 6.274602810688814 18.97465389204009
-3.521074755844189 5.835127807727329 20.098791077175893
-5.221719212993896 5.070530128366449 20.95262939264851
-4.648983568375826 5.815697338816065 19.882183081930535
-3.610478909330565 4.229308780700598 21.47418920155267
-5.15110282540779 1.4418938198523137 23.53933897731275
-7.389987873877245 4.558297668946037 22.805393447535582
-5.340302820308633 4.089308197641551 22.069105840787362
-4.248460505220322 4.028984021400123 22.33202719784131
-3.608148669909168 3.030687382583304 21.89372726342779
-4.0495591566117985 1.5850999336836304 23.38935822515987
-5.340304825829166 2.794879611601529 22.86770528625583
-4.246452706327019 2.804382033420214 22.84149023867235
-6.222495023003886 4.074420459353933 23.046908483056303
-6.241569878232176 1.3793713132201801 24.236589662113925
-7.504191926369973 3.3483311936929514 23.70882789105018
-6.295504682334985 2.8119831121103753 23.744700965022254
-11.71942427272737 3.2271219335356225 25.638300385628522
-9.489486928557803 6.212760373061979 22.539161144374344
-9.107708201200603 7.0350773704603125 21.37340129179087
-11.78567926694025 7.268998709132909 22.264727348310604
-10.047084461965285 7.844206181548868 20.659912880573337
-11.22817578468442 8.475836521724599 20.58113855539958
-11.121688534887953 8.128049515670867 21.477654352181556
-13.050989235454795 7.67569867927726 21.960792158184688
-12.378851339721262 8.61176887240229 21.28002683580579
-7.330528219954935 6.640047347399705 20.994834900992544
-7.0879213526269504 5.533331429981453 21.755452993367815
-8.467718694566999 5.3724462905833 23.076171905226648
-8.10452588094733 6.321232918548713 22.041799064914137
-9.305358560327404 2.551550894885886 25.74917706095076
-10.734813997384862 5.119005803455772 24.331840694421356
-8.551738303237665 4.231447865512522 24.03408886770355
-9.544445695966322 4.614072745300968 24.80134352625029
-9.101901141779964 3.838823426229185 25.18909845538432
-10.54326952127735 2.8021933592830366 26.12771807593032
-11.428374871490202 4.430783033582669 25.220768486806953
-10.247275618650225 4.058253572784693 25.723399898572687
-16.03570832213681 1.9697773480754412 23.382182202912222
-13.123428376387432 5.829415682522543 23.695210697357474
-12.704751990069726 6.962195262362368 23.167832233107607
-15.643519135922613 5.417227531366212 22.92200413601608
-13.991690051390602 7.269391205435875 22.810897785259918
-15.412676532949533 7.129411280228442 22.628575537781174
-15.249049374725072 6.715794172049328 23.07114993875872
-16.80243366015717 4.946026298451218 22.27781711507911
-16.56559586423638 6.27177281297534 22.632404845843258
-10.656660782510924 6.746147453456552 22.858023428670293
-10.328795860594953 6.210890789050074 23.596942567761218
-12.00343240946781 5.49757078838751 24.350501854175672
-11.567744446595862 6.596149563214621 23.803419533840323
-14.226185858014698 2.79090362831835 25.158329244313947
-15.036320972660825 4.236557212987322 24.064410383314016
-12.727982082797148 4.72478794514342 25.096332031711956
-14.110638917886941 4.512325194664984 25.055832294943976
-13.86087340221939 4.065367435184443 25.409555535712467
-15.402507369726289 2.403301801609223 24.532418610960722
-15.906945728255403 3.21645616322912 23.926673347231024
-15.173148717254849 3.6613851746049724 25.036129092829633
-17.213444938770927 1.044228267046667 21.28959628746935
-17.22569561948864 3.2540983763047313 22.609955418658608
-16.735310048973005 4.467982122094873 23.032918748748067
-18.010254352163436 2.6636185774891565 21.594617433985242
-17.69651190807734 3.066371171785416 21.036723552124524
-17.69816997419509 3.8478397690533837 22.207540599952775
-14.444185483602505 5.664851189833506 23.53496207736098
-14.277266894609701 5.285468453896601 24.03248346412031
-16.354528857551575 3.8792457657182458 23.534604831470396
-15.654378384496814 4.976563943120886 23.80654783604314
-16.732453406871826 1.6602719241663635 22.298809820092263
-17.559651126691172 2.0364387993254436 22.167743005391415
-16.941446060635016 2.7392943864456436 23.16212980454186
-9.829010145567656 -6.167500164861617 17.38838704376745
-12.884835647910048 -5.7251968742515045 17.831376835693195
-14.88053404365694 -4.164871017920177 18.01431970646523
-12.630358370663405 -6.3472970014313495 18.987167269113556
-8.440662086390617 -3.237311393686688 25.188390046777947
-14.901592360171785 -4.955970509153741 20.343259588153536
-15.880071584296207 -2.352284224607018 19.149406605501802
-15.147419723409076 -3.1587032216283393 23.09845220346257
-14.61894964122012 -0.5533849319774724 25.664943562468398
-15.822526832976061 -2.6138668637565527 20.51410225442205
-16.50470929199642 -1.227691665677585 19.633124042975485
-16.60318745340798 -1.0080341968458262 22.290898778538445
-17.041389068727298 -0.0173995359516674 23.032674381154596
-16.804823541606492 -0.9726815191009105 20.947333697373306
-17.120713833955573 -0.4069365643143702 20.40724923071234
-17.35536670420149 -0.08168220235849365 21.704261192257455
-13.463463705627015 1.5798057257711584 26.588159640601628
-16.232715402945107 -1.0497362824544672 23.61728536976904
-15.922109460980433 0.8871226342261439 25.389478814546724
-15.326918903793631 2.0686221247902514 25.81493885322801
-16.907380050391104 0.5091145921732579 24.40662579285262
-16.918889672939116 1.0013571795416119 23.880984904081657
-16.456630246827295 1.6006371521551324 25.07056782335091
-12.97406612113191 2.929199075817193 25.61705267461861
-12.72439605652766 2.7224219930646667 26.473467647221256
-14.852356510384002 1.2831807134667943 26.282897582272305
-14.110879261714693 2.429151258145847 26.471292852148423
-14.352410566415116 0.49903462419959743 26.517998048921708
-15.67369781811024 -0.657667342851557 24.81788579870367
-16.353067267033293 -0.25011167938257095 24.808354730693353
-15.581184147726539 0.19571242476733178 25.910402231189337
-15.362677350853026 -2.433645127041083 24.165831551744382
-15.67365251086636 -2.757743238348491 21.87434940135518
-16.25127139003675 -2.088651110017038 21.67491011002278
-16.031747605335262 -2.1151027797811377 23.007297354991188
-7.983410690270086 -0.41629905020708347 25.396552993167937
-12.46410718532525 -3.9351336092231555 25.87777608009167
-9.868715281995787 0.21119329309564114 26.862811025839864
-9.722394237031684 1.583950124159122 26.67524809147817
-12.388053254504213 -0.22066193430036543 27.07677967036911
-10.97417129458796 1.8477769991570687 27.013280989684883
-12.30421299996272 1.5938489690808493 27.348759218115728
-11.951972273931473 1.000765309580077 27.46495779839887
-13.717832679717409 -0.48167999504621656 26.76167060165503
-13.308545383348505 0.621231526988002 27.439639772965236
-8.135029250312101 2.000620117948035 25.468196377192367
-7.908045631194985 1.0135961314458197 25.16463955633382
-8.733393246444223 -0.33494432865705054 26.515960413284436
-8.570163653935676 1.0597454413186527 26.329775296644463
-8.250957082194736 -1.8398789806691394 25.522271157727715
-10.160926815117723 -4.077422475077533 26.386492837421855
-11.17153080948123 -1.9657403471662758 27.097293102631415
-8.959141284218214 -1.739939037225049 26.647112721828858
-9.90116122226454 -2.172055968157051 27.39241103508726
-9.663984904746734 -2.9119061096519627 26.924319287350194
-11.360332894699958 -4.199021832721718 26.647172668528857
-11.939241575379341 -3.042643281257011 26.783667086920694
-10.741815517165175 -3.250235236187502 27.36393186848292
-14.459715023632551 -3.6846789742159367 24.202923377587172
-13.704726314550516 -2.2954222730735347 26.244746598214093
-13.166287657499282 -1.336942403001233 27.055944903959244
-14.87081691247725 -2.375383325406308 25.46990841645215
-15.144137512526305 -1.6844958311341915 25.28374651715411
-14.470092380827568 -1.556631510403491 26.50012277136606
-11.055984771481116 -0.15246461431582528 27.256903518661545
-10.608049595403585 -0.757469861219417 27.39201601907307
-12.515489533911563 -2.2074973171228116 26.95046085745865
-11.894624741054292 -1.1786517692329739 27.548059942408244
-13.587669053326263 -3.7313126903042306 25.210129827908432
-14.192871141812875 -3.2209546445105217 25.44276417008653
-13.200238195418137 -3.2062769980632857 26.39263509985583
-11.199858004923213 -6.651835799598413 22.409025081221884
-13.972093720993621 -5.734660757518225 20.783846306401884
-15.191252818585705 -4.486771439058259 21.58723009156344
-13.76856582388688 -5.908577329986154 23.326853638826513
-13.623249894160411 -5.587593659855983 24.702202649395716
-14.744567405617177 -5.163125565511564 22.768283927160745
-15.309689466819112 -4.360310083360442 22.95381429962889
-14.656563128444258 -4.91631167566424 24.0944931447952
-9.70550150922986 -5.388019959105252 24.310735825917487
-12.905933587195767 -6.610053595333276 22.818147729570928
-11.624819866056674 -6.118084953263718 25.156600193162415
-10.886032510205801 -5.340571206481023 26.148401772158653
-12.686374274576123 -6.035660026292019 25.674377333533652
-13.049617097554412 -5.1556550614419825 25.94729254585564
-11.94940552360123 -5.427052444902236 26.713509313317868
-8.95822408469715 -4.005889846245169 26.201630480578036
-9.184822301639695 -4.303266443701786 25.00345769559275
-10.403607966304467 -6.151525680354251 25.315198091860545
-9.671278611159812 -5.198614871669157 26.11610384148258
-10.494336295421196 -6.216351985447188 23.490894924591085
-11.966099297578902 -7.200676217230399 23.35251758440604
-12.305182577988313 -6.718626099751305 24.035098210864586
-11.187656465126093 -6.944353801023551 24.424729853969822
-12.342304578964178 -6.700638807097483 20.225426051609915
-13.238145947335344 -6.435146772551424 20.082518887578637
-13.799603169246419 -6.305098325961669 22.04192048808776
-13.01034707840006 -6.8644938330135625 21.388334923986047
-15.149074428615073 -4.362178193365312 19.2166381227388
-15.437806723170851 -3.5445185511026387 19.120534621486048
-15.518430428787997 -3.8118185005819507 20.41946959938804
-5.912334862854721 -4.152178286669174 17.86666468430486
-6.844538210467916 -8.97602683187482 17.80855674678078
-4.303956336395584 -2.8231211250770016 23.7279401795987
-4.923739951857079 -0.04505406548199139 23.867960081650168
-6.269211828632391 -3.2347195268693567 24.510610688513808
-6.047482553761525 -0.17366940354536609 24.503926984428187
-6.759056275593781 -0.7740399508340682 25.37702639341658
-6.246444914524632 -1.6612654102269497 24.750080546784368
-7.252208810927798 -3.634559901659764 25.100853534068847
-7.060510301888909 -2.1878637287369846 25.48707278788369
-2.800085012643802 0.0319261255657584 20.14802276015151
-2.857913315782045 -4.329188028204595 21.99848972864307
-2.8290785863994605 -0.4933272504210078 23.19366241498678
-3.0836786296612955 1.5768542695080832 22.888497296049604
-2.7560355129552736 1.048769963965706 21.034795487787484
-2.133489452696222 -0.46670692270753505 22.213815800905326
-3.1494081207299733 0.7573620198040324 23.184496018830988
-2.4596789383454993 0.71868603435743 22.28081890457197
-3.6879009267682688 -2.2141653189065376 18.601266610647908
-4.12787970630938 -4.517948867129208 19.937933568802844
-2.5771617505666047 -1.7789289162233106 22.927009206166566
-2.1315133735146774 -2.497240257461766 20.70354659585282
-1.9453946778910984 -0.4479646772017997 20.95488241962121
-3.028047208190796 -1.0445285106507287 19.2092662201559
-2.759142549344398 -2.3877937476878492 19.612241488967438
-1.8035741086428305 -1.377204209413753 21.21562004246799
-2.0317932277927127 -1.368625906464236 19.975837339776056
-4.685418047736877 -3.2412597030102015 18.13099409571444
-4.642253450436836 -4.279683656263335 18.60851718519043
-2.832579707799144 -3.6360825074770218 20.101395940241957
-3.7199600588573545 -3.390905557833442 19.271863183466067
-2.1626792785061224 -2.40208130163357 21.998811712817012
-3.3887708075225573 -4.776390322048455 21.166768697735076
-2.3354122488767746 -2.9649417516617063 22.390613520561555
-2.723882506056808 -3.689201731066626 21.77811603956194
-3.760407341616828 -0.46032193571133534 23.867240725679988
-3.3558022225476143 -3.1500342327513717 23.46536426673074
-4.312120211839715 -1.3337145451834727 23.86661487707054
-3.321647604392745 -1.7548769373640623 23.684971386448577
-8.494424651530059 -5.692387517693684 17.51970821889981
-8.73156220108157 -7.1306015658145165 17.310585781610627
-3.609071483725418 -6.31500857164577 20.939097315926784
-6.207378761033215 -6.792378854955508 17.958671120447033
-4.322024038676473 -6.358718921567237 20.141271197873042
-3.9476349469347016 -6.341164403255611 18.62760986997321
-4.301788298547078 -4.334671765800162 23.26050081911815
-2.928079559822213 -5.138269792523081 21.37735832678773
-2.923832526337313 -4.187905461191965 23.158307366857414
-3.497021543248304 -5.614004086824343 21.264282210735157
-3.2108859917469723 -6.189753243961934 20.76367541093288
-2.82343403426018 -4.120936996523016 22.497687052225626
-2.755839667016687 -5.348191518703435 22.121549317438156
-5.084488426738628 -6.880816750892512 18.988391960223073
-4.853740812583423 -6.7625002607984595 18.171617676081468
-3.066637676662186 -5.72976203783328 19.77182981322285
-3.79232896803635 -6.666223984409631 19.347840317406778
-3.63413277960488 -4.756685281044901 22.276677052474955
-3.4611137434751496 -6.23641200900589 19.66243979674774
-3.690758667738356 -5.27252708363908 22.120987499815392
-3.102974727852917 -5.256816797428413 20.740270703671207
-7.182532769354161 -5.0154413527914965 17.803205053820502
-7.284266739549525 -6.130378877342523 17.78005068794684
-6.2341732083265455 -5.616785722053741 18.399994081990535
-5.113419927832323 -5.265473608139267 19.18164359260172
-5.37672715521779 -6.103025602488707 19.485646868955044
-4.408622584181391 -5.699391320501386 20.52070691941093
-7.369533142307199 -7.211608542989262 17.44307990889999
-7.709549830093977 -8.072924110925152 17.356050449762705
-4.526519043083036 -8.296552463186813 19.00710695492481
-6.24439476097582 -7.814438065608642 17.49398673954525
-4.812770230420826 -7.220081981599844 17.59886682659764
-5.152904059990099 -8.134309204310117 18.158066046378107
-3.828246198765958 -7.527227014120356 19.997827698213513
-3.9485694815716053 -6.945577679074992 18.481760599475248
-9.55313529437887 -8.801342540766962 19.560845632019262
-6.587501355459731 -6.080872363088575 23.1642091631244
-6.428042679036525 -4.753266734769001 24.049609905500333
-8.884588923816317 -7.0236501910350855 23.150887778357518
-7.480973170337251 -5.0354478714523365 24.526723255112923
-8.514731185250376 -5.80041318957259 24.58649998371732
-8.264627125592531 -6.150674280106041 24.105156857669495
-10.121965084012123 -7.272188391210805 22.843988746364115
-9.414367270006357 -6.717902535860536 23.90403695504142
-5.10542318777912 -3.5951762048657585 24.40344554056607
-5.290661281305117 -6.479264939737475 23.118378943109267
-5.197272822476108 -5.0711633020590625 23.880545497646434
-7.193680890700236 -9.99694431203325 19.616065277885912
-7.8378761369598875 -8.085037280257483 21.589551074817464
-5.55480881536638 -8.7509194264632 21.448153388444844
-3.8684440231221044 -7.027757127532528 22.04747515690034
-4.647126893921765 -8.963880898509954 20.34997125029675
-4.845963545601537 -7.700877320952594 22.300443647591806
-3.830339323629846 -7.989578440978371 21.132979192720665
-5.425434304614753 -8.699593025468497 18.150363065202306
-6.4978346063900565 -9.944841000659759 18.614279252972416
-6.143783461939995 -9.493393765804806 20.308611305728267
-5.4914386147574525 -9.756991120638663 19.421698238510015
-6.629956777008869 -8.671933311963091 21.20649071340765
-8.51458404789941 -9.77779046705711 19.67261435678295
-8.63399006971471 -8.63219879606916 20.55561048164511
-7.520460279439206 -9.460669897984545 20.331501380100818
-11.798669584048023 -7.281846873974684 19.052509412498488
-10.369127832733628 -7.956761352252727 21.01940055222877
-9.635325539463777 -7.68367478998615 22.119650201707078
-11.541495356901365 -7.5884908523896035 20.674824675095945
-11.654807549569915 -6.812879819411454 21.127609269526555
-10.793717723663331 -7.657486283171811 21.708500437492873
-7.660942255774285 -6.897610252766415 23.192777426672123
-7.279115683423722 -7.168472591589505 22.629457993212473
-9.17576633738167 -8.263169756087263 21.349751417110618
-8.416404804342793 -7.802651470301911 22.398360150954126
-10.756431912684839 -8.182121035770127 19.21984067901663
-10.98774732628511 -7.854451288183497 19.824267840193155
-9.891741978711428 -8.450695547997347 20.16605521373475
-15.352020403189046 -5.24189721020483 16.35759954388889
-15.48283864639654 -3.9855789202664287 15.905255326806063
-15.841315647943363 -2.8214343201193524 15.294094944672935
-15.678849456221164 -4.333559263647942 14.834730915644979
-15.921812298607703 -3.3911065583745454 14.093527731644103
-15.37089723809486 -3.547362928774685 16.971800967274827
-15.874995416596413 -2.4143888635727326 16.575908812944174
-16.199348660757003 -2.0503829489055927 17.836550163204706
-16.484168305433382 -1.3046317181171285 17.07021548645302
-16.784909863005016 -0.958264187990417 18.31966336471537
